Producto  Unidades  Precio  Importe
     dos         9  500,0000     4500
     dos         9  500,0000     4500
     uno        10  1000,0000    10000
     uno        15  1000,0000    15000
     uno        23  1000,0000    23000
     uno        21  1000,0000    21000
     dos        13  500,0000     6500
     uno        21  1000,0000    21000
     dos         6  500,0000     3000
     uno         0  1000,0000        0
     uno         3  1000,0000     3000
     uno        16  1000,0000    16000
     uno        10  1000,0000    10000
     uno        24  1000,0000    24000
     dos        16  500,0000     8000
     dos        17  500,0000     8500
     dos         5  500,0000     2500
     dos         0  500,0000        0
     uno        15  1000,0000    15000
     dos        22  500,0000    11000
     dos        15  500,0000     7500
     dos        24  500,0000    12000
     dos         1  500,0000      500
     dos        21  500,0000    10500
     uno         5  1000,0000     5000
     uno         8  1000,0000     8000
     dos         0  500,0000        0
     uno        12  1000,0000    12000
     dos        10  500,0000     5000
     uno         3  1000,0000     3000
     uno        12  1000,0000    12000
     dos        16  500,0000     8000
     uno         2  1000,0000     2000
     dos        18  500,0000     9000
     dos         1  500,0000      500
     uno        16  1000,0000    16000
     uno        23  1000,0000    23000
     uno         5  1000,0000     5000
     dos         7  500,0000     3500
     dos        20  500,0000    10000
     uno        12  1000,0000    12000
     uno        22  1000,0000    22000
     dos         7  500,0000     3500
     uno         1  1000,0000     1000
     uno        16  1000,0000    16000
     dos        17  500,0000     8500
     uno        18  1000,0000    18000
     uno         7  1000,0000     7000
     dos        17  500,0000     8500
     dos         4  500,0000     2000
     uno        16  1000,0000    16000
     uno        16  1000,0000    16000
     dos        13  500,0000     6500
     dos         7  500,0000     3500
     uno        20  1000,0000    20000
     uno        21  1000,0000    21000
     dos        16  500,0000     8000
Total: 548500
Total Pagar:663685
