Producto  Unidades  Precio  Importe
     dos        11  500,0000     5500
     uno        14  1000,0000    14000
     uno         8  1000,0000     8000
     uno        14  1000,0000    14000
     uno        18  1000,0000    18000
     dos        12  500,0000     6000
     uno        13  1000,0000    13000
     dos        18  500,0000     9000
     dos        10  500,0000     5000
     uno        24  1000,0000    24000
     uno         7  1000,0000     7000
     dos        10  500,0000     5000
Total: 128500
Total Pagar:155485
