Producto  Unidades  Precio  Importe
     uno        24  1000,0000    24000
     dos        17  500,0000     8500
     dos         5  500,0000     2500
     uno         3  1000,0000     3000
     dos        21  500,0000    10500
     dos        22  500,0000    11000
     uno        24  1000,0000    24000
     dos        10  500,0000     5000
     uno        24  1000,0000    24000
     uno        17  1000,0000    17000
     uno        16  1000,0000    16000
     dos        16  500,0000     8000
     uno        14  1000,0000    14000
     uno        17  1000,0000    17000
     dos        19  500,0000     9500
     uno         4  1000,0000     4000
     uno        13  1000,0000    13000
     dos        20  500,0000    10000
     uno        11  1000,0000    11000
     dos        10  500,0000     5000
     uno        15  1000,0000    15000
     dos        22  500,0000    11000
     dos        24  500,0000    12000
     dos        10  500,0000     5000
     dos        20  500,0000    10000
     dos         2  500,0000     1000
     dos        19  500,0000     9500
     uno        17  1000,0000    17000
     uno        16  1000,0000    16000
     dos        12  500,0000     6000
     uno        10  1000,0000    10000
     uno         5  1000,0000     5000
     uno        24  1000,0000    24000
     uno        14  1000,0000    14000
     dos        14  500,0000     7000
     uno        24  1000,0000    24000
     dos         6  500,0000     3000
     dos         9  500,0000     4500
     dos         1  500,0000      500
Total: 431500
Total Pagar:522115
