Producto  Unidades  Precio  Importe
     dos         4  500,0000     2000
     uno        21  1000,0000    21000
     dos        10  500,0000     5000
     dos        13  500,0000     6500
     uno         7  1000,0000     7000
     dos         8  500,0000     4000
     uno        11  1000,0000    11000
     uno        17  1000,0000    17000
     dos         3  500,0000     1500
     dos        21  500,0000    10500
     dos         7  500,0000     3500
     dos        14  500,0000     7000
     dos         9  500,0000     4500
     dos        20  500,0000    10000
     uno         9  1000,0000     9000
     uno         0  1000,0000        0
Total: 119500
Total Pagar:144595
