Producto  Unidades  Precio  Importe
     dos         5  500,0000     2500
     uno         4  1000,0000     4000
     dos        13  500,0000     6500
     dos        20  500,0000    10000
     dos         9  500,0000     4500
     dos        24  500,0000    12000
     dos        16  500,0000     8000
     uno         1  1000,0000     1000
     dos         8  500,0000     4000
     dos        10  500,0000     5000
     uno         1  1000,0000     1000
     uno        12  1000,0000    12000
     uno        23  1000,0000    23000
     uno        18  1000,0000    18000
     dos        19  500,0000     9500
     uno        15  1000,0000    15000
     dos        24  500,0000    12000
     dos        14  500,0000     7000
     uno        15  1000,0000    15000
     uno        14  1000,0000    14000
     uno        17  1000,0000    17000
     uno        16  1000,0000    16000
Total: 217000
Total Pagar:262570
