Producto  Unidades  Precio  Importe
     dos        19  500,0000     9500
     uno        12  1000,0000    12000
     uno        10  1000,0000    10000
     uno         3  1000,0000     3000
     uno        22  1000,0000    22000
     uno         0  1000,0000        0
     dos        19  500,0000     9500
     dos        12  500,0000     6000
     uno        24  1000,0000    24000
     uno        11  1000,0000    11000
     uno        15  1000,0000    15000
     uno        23  1000,0000    23000
     dos         1  500,0000      500
     uno        11  1000,0000    11000
     dos        10  500,0000     5000
     dos         0  500,0000        0
     dos        23  500,0000    11500
Total: 173000
Total Pagar:209330
