Producto  Unidades  Precio  Importe
     uno        22  1000,0000    22000
     uno        24  1000,0000    24000
     uno        13  1000,0000    13000
     dos         4  500,0000     2000
     dos         9  500,0000     4500
     dos         7  500,0000     3500
     dos        16  500,0000     8000
     uno        16  1000,0000    16000
     uno         7  1000,0000     7000
     dos         9  500,0000     4500
     dos        14  500,0000     7000
     uno         2  1000,0000     2000
     uno         3  1000,0000     3000
     uno        17  1000,0000    17000
     dos        14  500,0000     7000
     uno        12  1000,0000    12000
     dos        11  500,0000     5500
     uno        22  1000,0000    22000
     uno         0  1000,0000        0
     uno        24  1000,0000    24000
     dos        15  500,0000     7500
     uno        23  1000,0000    23000
Total: 234500
Total Pagar:283745
